1.05 32.11 75.99
2.59 29.36 150.91
1.33 28.92 260.46
2.47 34.01 40.43
2.42 22.73 300.37
2.72 4.61 27.28
2.24 25.40 43.50
2.12 36.69 25.90
3.10 35.34 25.10
1.40 17.48 163.64
2.41 15.95 190.19
2.88 24.41 107.21
2.17 7.34 32.92
3.40 27.82 35.56
3.22 30.01 24.45
3.28 21.24 23.77
0.41 5.74 20.84
3.73 13.80 258.66
3.88 23.03 67.65
3.20 2.65 148.63
2.44 24.24 89.31
2.70 19.33 41.72
2.18 25.98 50.92
4.00 11.51 109.45
3.34 7.20 27.42
2.23 30.71 168.90
2.33 13.31 135.14
2.59 25.65 25.79
2.11 24.14 99.49
2.94 29.25 207.25
