p0 1 54 110
p1 1 88 320
p2 1 21 376
p3 1 41 475
p4 1 26 122
p5 1 2 95
p6 1 57 436
p7 2 77 423
p8 2 45 243
p9 2 89 113
p10 2 52 148
p11 2 43 124
p12 3 44 461
p13 3 51 263
p14 3 43 310
p15 3 48 353
p16 3 80 293
p17 3 100 217
p18 4 61 76
p19 4 80 350
p20 4 71 452
p21 5 28 475
p22 5 26 522
p23 5 49 308
p24 5 77 441
p25 5 31 442
p26 6 43 133
p27 6 72 416
p28 6 34 141
p29 6 7 189
p30 6 4 16
p31 6 55 218
p32 6 95 508
p33 6 25 392
p34 6 96 438
p35 6 88 96
p36 6 95 300
p37 7 52 272
p38 7 64 417
p39 7 39 187
p40 7 40 529
p41 7 82 276
p42 8 82 310
p43 8 50 453
p44 8 32 436
p45 8 91 330
p46 8 64 515
p47 9 11 125
p48 9 57 411
p49 9 25 234
p50 10 58 185
p51 10 27 259
p52 10 53 204
p53 12 50 416
p54 12 76 564
p55 13 97 610
p56 13 81 354
p57 13 86 159
p58 13 68 418
p59 13 81 201
p60 14 93 343
p61 14 73 177
p62 14 35 313
p63 14 54 458
p64 14 64 275
p65 14 30 391
p66 14 41 447
p67 14 58 468
p68 15 48 369
p69 15 71 570
p70 16 64 117
p71 16 54 358
p72 16 18 451
p73 16 11 284
p74 16 71 269
p75 16 51 379
p76 17 2 507
p77 17 34 176
p78 17 28 208
p79 17 59 155
p80 17 59 401
p81 17 86 384
p82 17 52 370
p83 17 79 309
p84 18 35 187
p85 18 27 67
p86 18 75 305
p87 18 82 240
p88 19 79 427
p89 19 8 323
p90 19 29 296
p91 19 38 122
p92 20 47 453
p93 20 30 308
p94 20 58 279
p95 20 78 427
p96 21 61 186
p97 21 65 178
p98 21 1 246
p99 21 75 507
p100 22 35 379
p101 22 65 94
p102 22 96 316
p103 22 53 561
p104 22 77 110
p105 23 66 215
p106 23 70 390
p107 23 79 347
p108 23 100 621
p109 24 99 330
p110 24 3 351
p111 24 25 372
p112 24 50 308
p113 24 55 203
p114 24 70 376
p115 24 52 190
p116 24 48 219
p117 24 10 528
p118 25 33 313
p119 25 94 595
p120 25 18 78
p121 25 28 55
p122 25 31 343
p123 25 32 224
p124 25 59 90
p125 26 89 603
p126 26 9 531
p127 26 86 223
p128 26 53 405
p129 26 10 503
p130 26 60 354
p131 27 54 476
p132 27 42 543
p133 27 55 548
p134 27 73 480
p135 28 18 277
p136 28 87 453
p137 28 9 460
p138 28 63 568
p139 28 53 417
p140 28 7 164
p141 28 32 360
p142 28 44 477
p143 29 23 161
p144 29 87 287
p145 29 13 228
p146 30 75 329
p147 30 90 438
p148 30 8 464
p149 30 94 349
p150 30 74 143
p151 30 36 528
p152 30 91 595
p153 30 5 108
p154 31 95 254
p155 31 79 590
p156 31 81 419
p157 31 80 482
p158 31 98 219
p159 32 58 223
p160 32 6 375
p161 32 17 407
p162 32 100 406
p163 32 27 115
p164 32 57 158
p165 33 84 517
p166 33 14 335
p167 33 66 507
p168 33 12 367
p169 34 33 77
p170 34 39 316
p171 34 44 276
p172 34 77 167
p173 34 62 490
p174 35 97 439
p175 35 90 352
p176 35 37 151
p177 35 97 409
p178 35 45 371
p179 36 11 51
p180 36 57 94
p181 36 18 385
p182 36 47 295
p183 36 47 558
p184 37 91 278
p185 37 8 132
p186 37 93 585
p187 38 71 566
p188 38 54 550
p189 38 90 419
p190 38 28 402
p191 39 26 105
p192 39 74 509
p193 39 27 175
p194 39 54 436
p195 39 97 601
p196 39 77 124
p197 39 34 450
p198 39 62 219
p199 40 89 206
p200 40 67 494
p201 40 67 214
p202 40 32 347
p203 41 43 528
p204 41 28 69
p205 41 95 464
p206 41 99 310
p207 41 31 398
p208 41 58 451
p209 41 43 546
p210 41 42 414
p211 42 14 409
p212 42 61 141
p213 42 56 140
p214 43 61 178
p215 43 51 529
p216 43 30 202
p217 43 53 124
p218 43 89 523
p219 43 50 426
p220 43 9 371
p221 43 16 286
p222 44 77 494
p223 44 49 554
p224 44 10 136
p225 44 97 357
p226 44 45 261
p227 45 87 223
p228 45 30 167
p229 45 6 341
p230 45 76 536
p231 45 63 334
p232 45 39 228
p233 46 74 309
p234 46 5 220
p235 46 67 257
p236 46 69 378
p237 46 3 134
p238 47 65 329
p239 47 26 187
p240 47 12 352
p241 47 6 100
p242 47 40 301
p243 47 39 163
p244 47 28 411
p245 47 67 402
p246 47 91 149
p247 48 58 318
p248 48 20 384
p249 48 79 530
p250 48 8 347
p251 48 96 525
p252 49 61 486
p253 50 85 299
p254 50 44 436
p255 50 71 579
p256 51 81 258
p257 51 89 153
p258 51 58 404
p259 51 77 593
p260 52 61 162
p261 52 33 294
p262 52 39 281
p263 52 100 345
p264 53 73 270
p265 53 44 456
p266 53 66 203
p267 53 41 502
p268 53 13 257
p269 54 97 198
p270 54 33 355
p271 54 92 630
p272 54 3 151
p273 54 73 609
p274 54 30 145
p275 55 31 262
p276 55 40 364
p277 55 87 461
p278 55 56 245
p279 55 26 412
p280 55 31 554
p281 55 64 545
p282 55 21 535
p283 55 93 491
p284 55 14 405
p285 55 65 166
p286 56 63 166
p287 56 61 579
p288 56 53 415
p289 56 87 485
p290 57 37 520
p291 57 13 425
p292 57 86 441
p293 58 42 463
p294 58 12 365
p295 58 59 559
p296 58 52 331
p297 58 44 227
p298 59 66 220
p299 59 31 248
p300 59 41 272
p301 60 100 524
p302 60 22 471
p303 61 10 83
p304 61 72 478
p305 62 52 564
p306 62 7 504
p307 62 78 501
p308 62 39 115
p309 62 63 194
p310 62 70 570
p311 62 70 615
p312 62 26 329
p313 62 91 549
p314 63 62 450
p315 63 6 145
p316 63 21 526
p317 63 92 527
p318 64 67 168
p319 64 74 385
p320 64 44 569
p321 65 70 344
p322 65 53 220
p323 65 30 353
p324 65 11 147
p325 65 31 239
p326 66 89 354
p327 66 63 168
p328 66 42 122
p329 66 20 381
p330 67 94 358
p331 67 83 336
p332 67 19 491
p333 67 82 234
p334 67 59 324
p335 67 58 621
p336 68 34 383
p337 68 66 513
p338 68 35 459
p339 68 39 149
p340 68 29 545
p341 68 72 180
p342 69 8 101
p343 69 21 278
p344 69 62 567
p345 69 37 201
p346 69 28 107
p347 70 84 532
p348 70 95 379
p349 70 61 178
p350 70 23 217
p351 70 38 282
p352 71 98 172
p353 71 43 587
p354 71 34 283
p355 71 8 400
p356 71 74 507
p357 72 22 217
p358 72 38 470
p359 72 82 530
p360 72 43 279
p361 72 98 474
p362 72 30 163
p363 72 28 168
p364 72 80 287
p365 73 89 167
p366 73 86 470
p367 73 80 316
p368 74 55 514
p369 74 88 575
p370 74 18 297
p371 74 50 202
p372 74 59 586
p373 75 93 644
p374 75 71 159
p375 75 20 484
p376 75 96 241
p377 75 65 163
p378 76 70 412
p379 76 56 416
p380 76 93 487
p381 77 60 273
p382 77 95 376
p383 77 90 488
p384 77 69 502
p385 77 28 233
p386 78 64 283
p387 78 8 303
p388 78 17 347
p389 78 1 327
p390 78 91 262
p391 79 26 521
p392 79 66 443
p393 79 20 500
p394 79 54 364
p395 79 11 269
p396 79 9 241
p397 80 6 127
p398 80 91 513
p399 80 30 394
p400 80 94 628
p401 80 75 448
p402 80 46 234
p403 80 52 539
p404 81 33 382
p405 81 83 285
p406 81 38 160
p407 81 29 195
p408 81 48 274
p409 82 8 397
p410 82 85 536
p411 82 6 551
p412 82 34 305
p413 82 45 447
p414 82 96 207
p415 82 2 128
p416 82 40 570
p417 83 59 559
p418 83 10 101
p419 83 57 339
p420 84 27 522
p421 84 49 481
p422 84 93 539
p423 84 88 380
p424 84 69 648
p425 85 3 180
p426 85 97 570
p427 85 75 554
p428 85 60 525
p429 85 93 654
p430 85 68 330
p431 86 38 203
p432 86 86 441
p433 86 100 218
p434 86 20 338
p435 87 24 394
p436 87 28 268
p437 88 34 395
p438 88 32 488
p439 88 80 212
p440 89 40 455
p441 89 32 605
p442 89 91 433
p443 89 35 139
p444 89 34 426
p445 89 30 401
p446 90 61 457
p447 90 10 350
p448 90 53 589
p449 91 88 493
p450 91 78 365
p451 91 68 515
p452 91 46 545
p453 92 65 214
p454 92 37 440
p455 92 49 544
p456 92 27 515
p457 92 78 615
p458 92 75 463
p459 93 19 133
p460 93 12 525
p461 93 41 354
p462 93 23 216
p463 93 98 626
p464 94 40 386
p465 94 9 436
p466 94 21 333
p467 94 35 280
p468 94 10 209
p469 94 19 198
p470 95 81 372
p471 95 50 577
p472 95 51 461
p473 95 71 615
p474 95 52 340
p475 95 51 263
p476 95 1 574
p477 96 12 353
p478 96 62 272
p479 96 20 539
p480 96 66 468
p481 96 39 191
p482 97 89 210
p483 97 11 321
p484 97 3 460
p485 97 92 524
p486 97 26 238
p487 98 97 450
p488 98 35 158
p489 98 67 323
p490 98 15 135
p491 99 47 592
p492 99 7 484
p493 99 4 225
p494 99 45 524
p495 100 47 523
p496 100 80 381
p497 100 32 476
p498 100 48 174
p499 100 90 497
p500 100 52 328
p501 100 28 350
p502 100 40 625
p503 101 2 594
p504 101 100 619
p505 101 58 583
p506 101 54 263
p507 101 67 563
p508 101 36 305
p509 102 15 586
p510 102 53 218
p511 102 1 577
p512 102 20 146
p513 103 7 444
p514 103 79 369
p515 104 90 578
p516 104 99 619
p517 104 4 156
p518 104 86 575
p519 104 71 616
p520 105 67 378
p521 105 47 559
p522 105 44 535
p523 105 37 472
p524 105 58 191
p525 106 57 175
p526 106 16 574
p527 107 91 428
p528 107 5 468
p529 107 6 592
p530 107 42 432
p531 107 33 171
p532 107 12 566
p533 107 44 164
p534 108 99 229
p535 108 70 542
p536 108 64 609
p537 108 31 516
p538 108 72 184
p539 108 45 257
p540 108 85 538
p541 108 39 461
p542 108 65 498
p543 108 92 569
p544 109 17 274
p545 109 20 140
p546 109 57 665
p547 109 21 440
p548 109 5 420
p549 110 57 550
p550 110 58 418
p551 111 38 408
p552 111 70 470
p553 111 1 495
p554 111 75 521
p555 111 28 202
p556 111 24 530
p557 112 92 491
p558 112 18 169
p559 112 29 638
p560 113 98 476
p561 113 60 241
p562 113 29 170
p563 113 76 647
p564 113 70 264
p565 113 94 504
p566 114 11 447
p567 114 34 165
p568 114 25 559
p569 114 83 269
p570 114 79 562
p571 115 9 388
p572 115 21 523
p573 115 10 318
p574 115 67 561
p575 115 38 187
p576 115 30 596
p577 115 90 582
p578 116 25 485
p579 116 2 120
p580 116 46 167
p581 116 49 505
p582 116 40 417
p583 116 16 426
p584 116 16 354
p585 116 15 227
p586 117 44 264
p587 117 40 520
p588 117 73 573
p589 117 28 288
p590 117 36 513
p591 118 36 548
p592 118 88 664
p593 118 65 317
p594 118 11 480
p595 118 57 214
p596 118 58 607
p597 118 22 559
p598 118 57 478
p599 118 83 551
p600 118 4 614
p601 118 2 291
p602 119 58 537
p603 119 92 589
p604 119 12 241
p605 119 92 696
p606 119 96 373
p607 120 8 435
p608 120 81 308
p609 121 87 456
p610 121 10 441
p611 121 27 260
p612 122 35 244
p613 122 17 456
p614 122 9 283
p615 122 51 229
p616 122 99 380
p617 123 19 397
p618 123 57 599
p619 123 71 482
p620 123 47 314
p621 123 93 240
p622 123 73 377
p623 123 23 248
p624 124 84 366
p625 125 57 461
p626 125 48 314
p627 125 72 532
p628 125 81 403
p629 125 97 412
p630 125 42 598
p631 125 83 643
p632 126 55 543
p633 126 100 516
p634 126 61 245
p635 127 12 357
p636 127 95 496
p637 127 69 412
p638 127 93 492
p639 127 81 589
p640 128 46 384
p641 128 86 542
p642 128 82 449
p643 128 63 235
p644 128 95 367
p645 128 32 551
p646 128 27 255
p647 129 80 513
p648 129 55 330
p649 129 64 458
p650 129 26 246
p651 129 14 179
p652 130 36 456
p653 130 26 175
p654 130 37 552
p655 130 86 410
p656 130 50 224
p657 130 85 487
p658 130 23 182
p659 131 30 649
p660 131 82 676
p661 131 65 656
p662 131 79 633
p663 131 2 203
p664 131 64 692
p665 131 39 651
p666 131 14 433
p667 132 24 172
p668 132 74 650
p669 132 6 444
p670 133 4 535
p671 133 19 552
p672 133 59 325
p673 134 86 603
p674 134 48 626
p675 134 53 211
p676 134 84 492
p677 134 75 499
p678 134 33 241
p679 135 4 305
p680 135 4 441
p681 135 25 325
p682 135 18 602
p683 135 40 266
p684 135 52 618
p685 135 22 491
p686 135 92 512
p687 136 68 679
p688 136 6 247
p689 136 14 210
p690 136 64 663
p691 137 54 258
p692 137 45 202
p693 138 42 311
p694 138 22 297
p695 139 75 230
p696 139 81 578
p697 139 2 313
p698 139 99 270
p699 139 54 240
p700 139 76 693
p701 139 69 384
p702 140 40 628
p703 140 34 532
p704 141 20 467
p705 141 88 366
p706 141 53 576
p707 141 3 223
p708 142 29 599
p709 142 52 650
p710 142 75 709
p711 143 100 472
p712 143 78 588
p713 143 93 676
p714 144 6 216
p715 144 96 284
p716 144 14 431
p717 144 98 339
p718 144 63 472
p719 145 88 612
p720 145 79 382
p721 145 26 398
p722 145 7 344
p723 146 23 347
p724 146 34 284
p725 146 30 252
p726 146 65 652
p727 146 14 623
p728 146 32 426
p729 147 63 429
p730 147 34 190
p731 147 74 693
p732 147 99 388
p733 148 74 425
p734 148 7 230
p735 149 18 615
p736 149 28 518
p737 149 61 413
p738 149 89 511
p739 149 23 440
p740 149 12 566
p741 150 63 477
p742 150 22 415
p743 150 90 258
p744 150 55 408
p745 151 28 488
p746 151 51 264
p747 151 36 664
p748 151 93 650
p749 151 13 491
p750 152 90 343
p751 152 71 286
p752 152 5 458
p753 152 97 288
p754 152 60 700
p755 153 39 597
p756 153 93 361
p757 153 24 351
p758 153 19 285
p759 153 92 354
p760 154 54 348
p761 154 54 578
p762 154 65 300
p763 154 52 234
p764 155 94 321
p765 155 73 631
p766 155 36 413
p767 156 88 657
p768 156 100 362
p769 156 24 675
p770 156 10 346
p771 157 11 178
p772 158 87 249
p773 158 100 427
p774 158 68 254
p775 158 8 373
p776 158 94 730
p777 158 18 513
p778 159 44 633
p779 159 86 375
p780 159 99 422
p781 159 100 536
p782 159 22 621
p783 160 70 441
p784 160 96 573
p785 160 83 417
p786 160 76 598
p787 160 55 647
p788 161 73 328
p789 161 95 478
p790 161 12 214
p791 161 26 421
p792 162 14 267
p793 162 77 608
p794 162 44 214
p795 163 75 401
p796 163 15 449
p797 163 81 474
p798 163 62 301
p799 163 81 367
p800 163 4 391
p801 164 39 205
p802 164 93 391
p803 164 58 450
p804 164 38 621
p805 165 26 600
p806 166 66 414
p807 166 31 593
p808 166 44 456
p809 166 76 353
p810 166 84 522
p811 166 8 330
p812 166 75 376
p813 166 5 383
p814 166 45 324
p815 166 36 654
p816 167 54 353
p817 167 20 662
p818 167 91 387
p819 167 27 420
p820 167 81 444
p821 167 69 406
p822 168 19 394
p823 168 96 297
p824 168 12 465
p825 168 30 413
p826 169 36 402
p827 169 94 566
p828 169 77 692
p829 170 98 287
p830 170 75 671
p831 170 81 667
p832 170 36 474
p833 170 67 543
p834 171 4 566
p835 171 40 397
p836 171 59 445
p837 171 70 313
p838 173 38 540
p839 173 69 449
p840 173 45 648
p841 173 88 361
p842 173 78 614
p843 173 86 570
p844 173 93 324
p845 173 22 671
p846 173 22 457
p847 173 13 376
p848 173 8 377
p849 174 79 645
p850 174 6 597
p851 174 89 402
p852 174 48 530
p853 174 92 389
p854 174 50 396
p855 175 60 575
p856 175 21 280
p857 175 86 376
p858 175 19 336
p859 175 98 302
p860 175 84 640
p861 175 94 336
p862 175 45 412
p863 175 86 410
p864 175 26 575
p865 176 15 273
p866 176 93 604
p867 176 85 596
p868 176 86 663
p869 176 97 683
p870 176 54 271
p871 176 97 349
p872 176 84 270
p873 177 98 425
p874 177 83 648
p875 178 42 535
p876 178 19 569
p877 178 71 645
p878 178 55 238
p879 178 94 339
p880 178 49 260
p881 178 27 373
p882 178 82 713
p883 178 63 583
p884 178 19 234
p885 179 32 583
p886 179 89 449
p887 179 40 340
p888 179 17 683
p889 179 8 510
p890 179 4 581
p891 179 67 360
p892 180 1 317
p893 180 15 284
p894 180 53 496
p895 180 95 531
p896 180 30 628
p897 180 11 535
p898 181 79 597
p899 181 82 327
p900 181 7 442
p901 181 99 658
p902 182 79 401
p903 182 91 283
p904 182 96 552
p905 182 27 483
p906 182 32 285
p907 183 81 409
p908 183 98 451
p909 183 54 313
p910 183 74 717
p911 184 12 399
p912 184 81 756
p913 184 56 652
p914 184 42 517
p915 184 100 558
p916 185 54 268
p917 185 97 500
p918 185 6 333
p919 185 71 272
p920 185 4 476
p921 186 77 302
p922 186 38 601
p923 186 73 683
p924 186 92 653
p925 186 57 382
p926 186 33 645
p927 186 88 312
p928 186 34 449
p929 187 11 461
p930 187 70 359
p931 187 41 457
p932 187 10 584
p933 188 14 691
p934 189 31 459
p935 189 72 422
p936 189 7 205
p937 189 29 529
p938 189 53 294
p939 190 71 687
p940 190 49 372
p941 190 93 294
p942 190 49 614
p943 190 30 591
p944 190 48 408
p945 190 91 447
p946 191 96 431
p947 191 1 391
p948 191 54 629
p949 191 68 291
p950 192 39 693
p951 192 24 387
p952 192 44 307
p953 192 43 573
p954 193 63 597
p955 193 1 386
p956 193 100 770
p957 194 96 556
p958 194 56 480
p959 194 33 680
p960 194 7 476
p961 194 25 297
p962 194 40 415
p963 194 84 440
p964 195 5 514
p965 195 37 653
p966 195 21 285
p967 195 79 597
p968 195 32 705
p969 195 74 390
p970 195 49 492
p971 195 82 634
p972 195 67 395
p973 196 98 416
p974 196 11 681
p975 196 81 580
p976 196 55 285
p977 196 73 387
p978 197 49 494
p979 197 8 370
p980 197 41 388
p981 197 88 495
p982 197 32 311
p983 197 85 751
p984 198 30 275
p985 198 96 717
p986 198 53 658
p987 198 96 565
p988 198 91 724
p989 198 8 590
p990 199 95 517
p991 199 64 720
p992 199 100 507
p993 199 34 637
p994 199 13 330
p995 199 4 224
p996 200 37 307
p997 200 35 669
p998 200 83 373
p999 200 69 563
