p0 1 81 97
p1 2 91 233
p2 4 70 512
p3 10 97 315
p4 16 9 327
p5 22 45 249
p6 22 39 76
p7 24 80 428
p8 28 86 249
p9 30 84 119
p10 31 67 571
p11 35 40 470
p12 38 46 337
p13 39 22 439
p14 41 48 387
p15 41 38 135
p16 43 42 224
p17 44 15 69
p18 45 97 568
p19 46 77 397
p20 46 69 241
p21 48 48 466
p22 51 77 447
p23 52 71 123
p24 54 81 527
p25 55 89 292
p26 58 21 355
p27 59 22 302
p28 60 69 569
p29 62 53 352
p30 63 51 116
p31 63 50 568
p32 64 10 451
p33 64 87 337
p34 68 12 489
p35 71 19 268
p36 73 31 472
p37 77 17 518
p38 82 100 430
p39 84 83 169
p40 86 67 582
p41 88 32 341
p42 89 23 255
p43 93 13 535
p44 96 20 461
p45 97 71 355
p46 97 17 599
p47 97 63 644
p48 101 52 351
p49 104 14 274
p50 105 5 113
p51 105 88 263
p52 107 28 161
p53 107 49 478
p54 109 24 203
p55 110 8 282
p56 112 3 332
p57 114 45 505
p58 115 97 597
p59 119 72 347
p60 120 98 547
p61 122 47 302
p62 122 88 567
p63 124 7 584
p64 128 33 480
p65 132 66 464
p66 135 94 359
p67 137 31 602
p68 138 84 658
p69 138 93 356
p70 141 80 403
p71 147 16 274
p72 151 24 521
p73 153 2 481
p74 155 29 223
p75 158 45 393
p76 159 40 211
p77 162 47 479
p78 162 74 656
p79 164 58 679
p80 165 27 618
p81 165 45 380
p82 166 45 238
p83 168 55 675
p84 169 94 501
p85 182 69 348
p86 182 29 326
p87 184 97 736
p88 184 13 387
p89 184 26 456
p90 189 35 581
p91 190 78 286
p92 191 39 355
p93 192 89 495
p94 193 51 715
p95 193 39 423
p96 194 55 475
p97 196 44 588
p98 197 70 391
p99 199 4 611
